| Hidden Size | Learning Rate | Dropout | Test Accuracy (%) |
| ----------- | ------------- | ------- | ----------------- |
| 128         | 0.001         | 0.0     | 71.06             |
| 64          | 0.001         | 0.0     | 69.31             |
| 128         | 0.001         | 0.5     | 67.77             |
| 64          | 0.001         | 0.3     | 67.68             |
| 256         | 0.001         | 0.3     | 66.72             |
| 128         | 0.001         | 0.3     | 65.58             |
| 256         | 0.001         | 0.0     | 65.19             |
| 128         | 0.001         | 0.0     | 64.49             |
| 512         | 0.001         | 0.0     | 64.49             |
| 256         | 0.001         | 0.5     | 64.63             |
| 64          | 0.001         | 0.5     | 62.06             |
| 512         | 0.001         | 0.3     | 60.43             |
| 128         | 0.01          | 0.3     | 30.26             |
| 64          | 0.1           | 0.0     | 30.26             |
| 256         | 0.1           | 0.5     | 30.26             |
| 512         | 0.1           | 0.5     | 30.26             |
| 128         | 0.1           | 0.3     | 30.26             |
| 64          | 0.01          | 0.3     | 20.06             |
| 256         | 0.01          | 0.3     | 24.67             |
| 512         | 0.01          | 0.5     | 24.67             |
| 64          | 0.01          | 0.0     | 4.17              |
| 128         | 0.01          | 0.0     | 4.17              |
| 128         | 0.1           | 0.0     | 2.58              |
| 256         | 0.01          | 0.0     | 3.03              |
| 128         | 0.01          | 0.5     | 8.13              |
| 128         | 0.1           | 0.5     | 8.13              |
| 512         | 0.01          | 0.0     | 0.31              |
| 256         | 0.1           | 0.0     | 0.31              |
| 512         | 0.1           | 0.0     | 13.15             |
| 64          | 0.1           | 0.3     | 13.15             |
| 128         | 0.1           | 0.5     | 8.13              |

